368.19171349,
6.59332136,
-4.80763645,
6.5949623 ,
2.39782366e-03,
3.28925800e-03,
4.70856675e+00,
2.33363150e-01,
368.9975628 ,
12.72968536,
1.06141551,
6.11548532,
0.51036894,
0.04169501,
1.35949448,
0.28105303,
376.40912939,
19.70551688,
7.8160156 ,
7.03062803,
0.64717087,
0.08768153,
8.31455544,
0.69078115,
367.41323735,
25.75542163,
-10.07824275,
5.98676578,
1.72575224,
0.10067182,
9.38269454,
0.36201553,
368.87017168,
32.04941529,
2.20105308,
6.31381252,
1.18527578,
0.03156863,
3.10174278,
0.05921448,
370.5523871 ,
39.08197294,
1.64874075,
7.07893005,
0.05331552,
0.07385792,
2.78318885,
0.4387922 ,
368.50175437,
45.24576599,
-2.28931366,
6.10474906,
0.38014901,
0.09403982,
1.0708968 ,
0.34546542,
364.27183409,
51.07728454,
-4.35512707,
5.81388988,
0.19941759,
0.02807729,
2.86627479,
0.42845818,
359.54000278,
57.05713874,
-4.75613605,
5.99056211,
0.0387103 ,
0.01705457,
3.11558849,
0.08967301,
352.00345358,
64.10634085,
-7.71593983,
7.11750495,
0.2857165 ,
0.10878632,
5.83946755,
0.96710514,
355.15443125,
70.72560025,
3.85210479,
6.58711289,
1.11668931,
0.05119994,
5.81363597,
0.24572942,
355.86556885,
76.78415495,
0.50848424,
6.02445244,
0.3227672 ,
0.05431488,
2.74629852,
0.25456856,
351.45333284,
80.77525105,
-4.72971798,
3.85990514,
0.50565542,
0.20894861,
2.39711906,
2.14749985,
352.37553506,
88.42539652,
1.28686078,
7.89468954,
0.58079385,
0.38948679,
3.6693616 ,
1.94510818,
344.35780766,
94.41766842,
-8.61805396,
5.86952903,
0.95614365,
0.19549329,
6.0684593 ,
0.05412933,
343.31427694,
98.2758049 ,
-0.55482693,
3.72836262,
0.7783614 ,
0.2066916 ,
2.1148393 ,
1.71814302,
341.60682449,
105.09927759,
-1.78181917,
7.02316737,
0.11844431,
0.3180549 ,
1.2549825 ,
1.37976238,
336.52890421,
110.14369281,
-5.29058278,
4.91674731,
0.33870883,
0.20333746,
2.38993495,
0.68640459,
334.44707164,
115.87577846,
-1.8748059 ,
5.78469079,
0.32973261,
0.08378453,
1.30992472,
0.14388825,
332.36625106,
119.29098958,
-2.09411253,
3.26233369,
0.02117016,
0.24348879,
1.27041197,
1.90396823,
331.89855309,
126.35080414,
-0.36276265,
7.30482579,
0.16713109,
0.39023084,
3.01878383,
1.97421446,
329.2055029 ,
129.45406778,
-2.84339897,
2.83218133,
0.23946139,
0.43175441,
0.95933978,
2.06522671,
325.36012151,
136.49004845,
-3.91002871,
7.30720733,
0.10296416,
0.4319843 ,
0.26707748,
1.93731148,
318.00977379,
141.15854306,
-7.57231508,
4.49824643,
0.35352872,
0.2711553 ,
3.77960731,
0.42148875,
316.27697403,
147.0496828 ,
-1.35603768,
5.98100839,
0.60007121,
0.14313434,
2.55438091,
1.05800475,
307.97540581,
150.58230163,
-8.74968976,
3.37465019,
0.71372583,
0.25159761,
4.67040788,
1.11475068,
304.09775007,
156.64886349,
-3.56331497,
6.24024241,
0.5006524 ,
0.27662205,
0.44282122,
1.35084269,
300.88644788,
160.93464179,
-3.18859054,
4.15967743,
0.03617299,
0.20084161,
1.30146013,
0.01848552,
297.03686566,
164.57603927,
-3.89222901,
3.60795835,
0.0679238 ,
0.05325868,
0.36597857,
0.72253187,
291.37840493,
168.70140988,
-5.77241696,
4.15875375,
0.18149876,
0.05316952,
1.32117289,
0.32428216,
287.73282899,
178.77093861,
-3.50835341,
10.45088845,
0.21855514,
0.60739388,
0.80393365,
6.21354092,
280.31936041,
182.34629298,
-7.66542431,
3.13174896,
0.40129138,
0.70653296,
3.22726914,
1.14399852,
283.94330724,
180.108142  ,
4.35233041,
-2.58461376,
1.16010084,
0.55181332,
8.78889244,
6.76291148,
276.39161124,
185.85900927,
-8.31973677,
6.28866759,
1.22326309,
0.85655776,
3.56625721,
2.31602736,
270.6576836 ,
188.47614337,
-5.56709276,
2.38024893,
0.2657189 ,
0.37728843,
0.88570055,
1.47256582,
271.80897809,
194.68048702,
1.58476088,
6.45107198,
0.69038448,
0.39296569,
6.19089489,
2.75213083,
266.5439597 ,
200.28355442,
-5.70696211,
5.54835465,
0.70388639,
0.08714133,
0.95003067,
1.97820978,
2.59366229e+02,
2.00537060e+02,
-7.27262423e+00,
-8.81147815e-02,
0.15113688,
0.54410104,
2.5151892 ,
3.6822739 ,
251.02182559,
206.4776936 ,
-8.41355358,
6.32960472,
0.11013647,
0.61951687,
3.482419  ,
2.80028912,
2.47377284e+02,
2.06938730e+02,
-3.33684796e+00,
8.24002288e-02,
0.49006579,
0.60305667,
1.68079299,
3.12917597,
242.31967089,
212.18281218,
-5.16863564,
5.57711046,
0.17682658,
0.53041671,
0.31306627,
2.32686852,
239.58218596,
218.42043679,
-2.58062852,
6.28024059,
0.24982614,
0.06787473,
2.34485226,
3.01704518,
234.35909925,
216.14567852,
-5.39357656,
-2.82672176,
0.27154019,
0.87911552,
0.23434905,
6.00866628,
228.7057673 ,
221.68964741,
-5.67009121,
6.08404093,
0.02669258,
0.86017592,
0.56149262,
3.0724834 ,
222.85420374,
224.56253995,
-5.86327205,
2.66571113,
0.01864818,
0.32997905,
0.81175059,
0.31989836,
217.93584173,
229.37694303,
-4.85739697,
4.95303542,
0.09709938,
0.22080055,
0.08924709,
2.1570678 ,
211.96935199,
231.59291187,
-6.03804775,
2.03937493,
0.11397087,
0.28126219,
1.02375724,
0.59635716,
205.59548361,
233.0376795 ,
-6.39553534,
1.40640391,
0.03450908,
0.06110211,
1.43063437,
1.2033396 ,
202.09667413,
233.363625  ,
-3.31191443,
0.25623496,
0.29766885,
0.11102839,
1.70293433,
2.31582845,
197.09585563,
238.02536626,
-5.1097856 ,
4.94598193,
1.73552539e-01,
4.52711801e-01,
1.36058728e-03,
2.59334887e+00,
192.3803936 ,
236.86683796,
-4.6900205 ,
-1.55238771,
0.04052087,
0.62730221,
0.51292076,
3.96007054,
186.91586875,
241.90027557,
-5.51449541,
5.45835119,
0.07958841,
0.67676236,
0.28097074,
3.09613377,
183.43684428,
243.03548718,
-3.34769709,
0.85628519,
0.20916591,
0.44424776,
1.84189884,
1.27275763,
176.80178193,
245.08634913,
-6.84716121,
2.12793533,
0.33781113,
0.12275524,
1.90716352,
0.01434164,
172.2627018 ,
244.51452241,
-4.3901641 ,
-0.74601377,
0.23717945,
0.27742876,
0.55685148,
2.78031725,
167.81583136,
248.8270784 ,
-4.4505291 ,
4.63893193,
0.00582717,
0.51982089,
0.72843322,
2.69162542,
164.29755202,
255.85799202,
-3.45813113,
7.18524288,
0.0957984 ,
0.24580111,
1.61632949,
5.29456494,
159.95973833,
249.71507123,
-4.39457029,
-7.00284606,
0.09039657,
1.36960807,
0.63597468,
8.78947731,
152.65538914,
257.5698742 ,
-7.49208641,
8.81340974,
0.29901018,
1.52677867,
2.32336098,
7.03593352,
147.0793501 ,
254.52813526,
-5.4524168 ,
-3.80662616,
0.19689389,
1.21824039,
0.29672032,
5.40550439,
141.06444279,
257.70875702,
-6.05119886,
3.63143489,
0.05780178,
0.71801273,
0.87298915,
2.03963986,
1.40501636e+02,
2.59044685e+02,
-2.08699094e-01,
1.18782300e+00,
0.56398962,
0.23588734,
4.6161767 ,
0.40559798,
133.96286998,
265.78251085,
-6.94717809,
7.09590899,
0.6504805 ,
0.5703208 ,
1.67706509,
5.67317701,
126.67458474,
260.78858515,
-7.31029327,
-5.77395471,
0.03505232,
1.24235683,
2.61200148,
7.27095718,
121.94572853,
261.21792319,
-4.56230341,
0.82957083,
0.26526963,
0.63745314,
0.56324642,
0.55483424,
117.67693945,
265.37206552,
-4.24985171,
4.36864172,
0.03016166,
0.34163446,
0.56831874,
3.01710996,
1.14489845e+02,
2.65693510e+02,
-3.11852609e+00,
6.03218074e-02,
0.1092094 ,
0.41589179,
1.96692464,
1.18486326,
107.617832  ,
261.45557819,
-7.11418565,
-4.51525272,
0.38570998,
0.44169048,
2.3805011 ,
5.65815971,
103.54662431,
267.4109693 ,
-3.87487654,
6.63095088,
0.31269778,
1.07596805,
0.91041365,
5.49785044,
98.28074497,
271.65623662,
-5.35562602,
4.09134443,
0.14294007,
0.24515391,
0.41747071,
3.08942339,
93.52195191,
270.0130343 ,
-4.72028575,
-2.0131919 ,
0.06133082,
0.58928459,
0.01131229,
3.04537446,
88.58538411,
269.05960343,
-4.95052219,
-0.88505571,
0.02222524,
0.10890152,
0.09378054,
1.80717809,
83.90284439,
270.29962487,
-4.66524964,
1.37713017,
0.027538  ,
0.21837388,
0.21475853,
0.45650091,
78.68683961,
271.12254567,
-5.25153918,
0.78716354,
0.05659585,
0.0569508 ,
0.37829403,
0.04200572,
72.9191184 ,
278.38013322,
-5.80102497,
7.67505549,
0.0530431 ,
0.66490367,
0.87773699,
6.88782136,
69.91063408,
270.24998134,
-2.82831125,
-9.14989456,
0.28696273,
1.62415019,
2.09411425,
9.85770441,
64.67959619,
272.72207351,
-5.38606039,
3.22193591,
0.24690527,
1.19428056,
0.53492487,
2.54964678,
58.63273745,
277.80840275,
-6.08949307,
5.2066188 ,
0.06790394,
0.19158589,
1.14371913,
4.57920498,
54.00848887,
278.55489214,
-4.52971186,
0.45872447,
0.15056918,
0.4583249 ,
0.31706106,
0.11749688,
49.70047847,
278.00479748,
-4.29370635,
-0.61518307,
0.02278214,
0.10366671,
0.61678733,
1.1490048 ,
44.61844459,
273.63670717,
-5.13289631,
-4.61022568,
0.08100889,
0.38565043,
0.11311795,
5.10309832,
39.14758636,
276.17260531,
-5.49266333,
2.99696185,
0.03472912,
0.73433889,
0.63553356,
2.58614178,
34.41878471,
273.45243907,
-4.67951775,
-3.08903198,
0.07849477,
0.58749464,
0.10310702,
3.44431364,
30.29909685,
281.7563777 ,
-4.08356796,
9.03900639,
0.05752837,
1.17074676,
0.78887808,
8.72313575,
24.69051171,
286.98132817,
-5.70697836,
4.97886982,
0.15671145,
0.3919341 ,
0.89076824,
4.69987683,
19.87875573,
277.90137151,
-4.75399675,
-9.98702386,
0.09199345,
1.44469131,
0.05636604,
10.21115772,
14.73108192,
274.01175309,
-5.17307363,
-3.49621741,
0.04045443,
0.62657211,
0.55035896,
3.66408897,
9.9664596 ,
279.02762483,
-4.73826928,
5.56506672,
0.04197264,
0.87470609,
0.18505061,
5.43740085,
5.07790847,
281.47610557,
-4.89824722,
2.24740045,
0.01544303,
0.32026177,
0.20672728,
2.17320381,
-1.83860400e-01,
2.80685954e+02,
-5.28522307e+00,
-9.86132805e-01,
0.03735565,
0.31214022,
0.20377138,
0.98834078,
-4.83152981,
283.65416033,
-4.60653483,
3.22333813,
0.0655153 ,
0.40634968,
0.25545086,
3.22102281,
-9.49266834,
280.11550041,
-4.66466152,
-3.97494005,
0.0056111 ,
0.69486595,
0.37988577,
3.90807914,
-14.36505763,
280.49264475,
-4.88579177,
0.65793825,
0.0213462 ,
0.44722214,
0.08159637,
0.78278093,
-19.52817747,
282.94401786,
-5.18101288,
2.56708447,
0.02849836,
0.18429417,
0.38602684,
2.73583683,
-24.08494234,
277.66755319,
-4.51648875,
-5.78252584,
0.06414801,
0.80600662,
0.5337765 ,
5.55939491,
-29.00680272,
274.54612747,
-4.94801472,
-2.94973311,
0.04165617,
0.27345584,
0.05828709,
2.68023604,
-33.83522207,
277.50898955,
-4.82070313,
3.34433925,
0.01228967,
0.60758093,
0.13736268,
3.65708464,
-38.71465368,
279.70282505,
-4.88322074,
2.11960568,
0.00603497,
0.11822628,
0.01101587,
2.5025054 ,
-43.96161834,
275.33279435,
-5.2704332 ,
-4.78873821,
0.03737849,
0.66687794,
0.45100922,
4.35918319,
-48.09943443,
275.49406453,
-4.0647403 ,
0.4806418 ,
0.11638824,
0.50866508,
0.865395  ,
0.94590951,
-54.64427341,
273.68293493,
-6.70485349,
-1.95899334,
0.25485605,
0.23550346,
1.80272703,
1.46253205,
-58.70549307,
272.35757802,
-3.89065397,
-1.28447506,
0.271661  ,
0.06511276,
1.20701132,
0.71691698,
-62.31609417,
275.43485026,
-3.59253225,
3.35868961,
0.02877836,
0.44821511,
1.07721003,
3.96056217,
-67.5691961 ,
275.22999832,
-5.36024091,
-0.43476954,
0.17064088,
0.36619113,
0.61376477,
0.2581696 ,
-73.83271782,
276.37732286,
-6.32180086,
1.24940032,
0.09282154,
0.1625767 ,
1.61599377,
1.95076435,
-77.97324389,
274.58284332,
-3.9997915 ,
-1.99086887,
0.22414877,
0.31279046,
1.11127662,
1.21231841,
-81.47858347,
272.76319825,
-3.47343783,
-1.80859781,
0.0508101 ,
0.01759503,
1.40578315,
0.95009726,
-88.63230526,
276.6323787 ,
-7.39117155,
4.23550736,
0.37818763,
0.58345104,
2.18234805,
5.07075794,
-92.32412882,
274.02863132,
-3.4531438 ,
-3.04501206,
0.38014666,
0.70280488,
1.66305486,
2.11238927,
-97.54250433,
264.83851313,
-5.33226722,
-9.58659682,
0.181396  ,
0.63147386,
0.32264836,
8.60404221,
-101.9567024 ,
272.61919291,
-4.35496479,
8.90120623,
0.0943412 ,
1.78466912,
0.70339577,
9.95572504,
-107.93324981,
266.92503894,
-6.08117097,
-6.63583801,
0.16663456,
1.49982575,
1.11584561,
5.53378178,
-112.54005555,
265.04328048,
-4.51168057,
-1.57502805,
0.15150643,
0.48853134,
0.53820806,
0.45217603,
-117.39674951,
265.31266447,
-4.87895403,
0.38838437,
0.03545373,
0.18953261,
0.05599271,
1.67942969,
-121.62997179,
262.9264852 ,
-4.19156004,
-2.56519248,
0.06635568,
0.2851154 ,
0.98080472,
1.23034701,
-127.08228242,
258.36323298,
-5.53365352,
-4.69216586,
0.1295553 ,
0.20532151,
0.57620116,
3.33274025,
-132.94094878,
261.32348766,
-5.87963599,
3.45398435,
0.03339846,
0.78636616,
0.69130642,
4.85434478,
-137.20211939,
258.45415311,
-4.15674818,
-3.27731137,
0.16631423,
0.64978708,
0.87441031,
1.83838002,
-142.51744415,
256.78299164,
-5.39007544,
-1.56753362,
0.11905585,
0.16504868,
0.598091  ,
0.0319039 ,
-148.40242696,
255.57130991,
-5.91691394,
-1.18872238,
0.0508569 ,
0.0365675 ,
0.9781509 ,
0.39237913,
-152.61824603,
254.46435756,
-4.10606542,
-1.1016766 ,
0.17480527,
0.00840272,
0.78469966,
0.50930705,
-158.70108735,
253.92788729,
-6.21038174,
-0.50000349,
0.20313438,
0.05808086,
1.03520705,
1.22836455,
-161.28709976,
252.07587103,
-2.35217024,
-1.93924733,
0.37244182,
0.13893344,
2.61851336,
0.19808635,
-168.6708545 ,
250.13884566,
-7.7083896 ,
-1.93688201,
5.17047877e-01,
2.28329791e-04,
2.94522146e+00,
1.66984540e-02,
-172.91318705,
244.88855134,
-4.0187046 ,
-5.46407372,
0.35617357,
0.34048773,
0.93588644,
3.49170368,
-176.97843697,
247.09307865,
-4.06825299,
2.69930092,
0.00478302,
0.78802888,
1.01940244,
4.69901714,
-182.62579197,
240.67758346,
-5.74923773,
-7.00357646,
0.16226923,
0.93664053,
0.62953687,
4.87721431,
-185.93838669,
243.53074692,
-3.15538395,
3.48911452,
0.25039053,
1.01288301,
1.76038363,
5.68845515,
-193.74167468,
242.37781875,
-8.10316802,
-1.45243003,
0.4776207 ,
0.47701839,
3.19164832,
0.8223016 ,
-196.39800798,
238.94917727,
-2.30490672,
-3.55614548,
0.55971918,
0.20307637,
2.86844863,
1.24348333,
-201.64272036,
231.34861149,
-5.43438691,
-7.8615094 ,
0.30209575,
0.41560644,
0.42092598,
5.39611182,
-208.87772213,
233.49623742,
-7.35117639,
2.79340944,
0.18503199,
1.02854323,
2.34079935,
5.36309905,
-211.38631583,
226.27517881,
-2.19615311,
-7.86718619,
0.49762597,
1.02909122,
2.77323421,
5.26000654,
-217.37683365,
226.54928113,
-6.235328  ,
0.79937346,
0.38991062,
0.83660245,
1.29417471,
3.5223974 ,
-220.73615139,
223.19860573,
-3.17375925,
-3.61843411,
0.2955401 ,
0.42646088,
1.80320311,
0.79119907,
-232.08508074,
217.43633829,
-11.87638651,
-5.9005863 ,
0.84008414,
0.22030127,
6.82018934,
3.07891936,
-2.32930452e+02,
2.16363280e+02,
-1.33656415e-01,
-7.61588571e-01,
1.13355209,
0.49607899,
4.71278356,
2.28600295,
-236.70994051,
214.7752354 ,
-4.01471569,
-1.64136751,
0.37464736,
0.08492704,
0.88701412,
1.25664955,
-240.11381861,
215.15153801,
-3.36446722,
0.5064815 ,
0.06276994,
0.20733669,
1.41366808,
3.76201533,
-248.50092502,
207.80510055,
-8.71116413,
-7.85310317,
0.51612865,
0.80696947,
4.07487664,
4.48787408,
-250.29795929,
202.22135315,
-1.35093868,
-5.4373299 ,
0.71049908,
0.23320002,
3.3800346 ,
1.97875693,
-257.75297673,
198.18140549,
-7.848849  ,
-3.94978938,
0.62725787,
0.14359563,
3.04616932,
0.57589763,
-260.18905514,
195.51949606,
-2.08684964,
-2.57881618,
0.55621873,
0.13234312,
2.60917932,
0.80898731,
-266.88784944,
193.57004346,
-6.99635425,
-1.90884644,
0.4739255 ,
0.06467368,
2.14670713,
1.72150436,
-273.9793695 ,
192.72304824,
-7.09766011,
-0.7784852 ,
0.00977928,
0.10911631,
2.43545249,
2.89592482,
-272.592771  ,
188.00638237,
1.93399787,
-4.97075497,
0.87184622,
0.40468921,
6.34170464,
1.1276536 ,
-278.56027037,
184.94857992,
-6.47729932,
-2.93437988,
0.8119614 ,
0.19657586,
1.6477925 ,
1.05675087,
-286.50163099,
175.98923112,
-8.03582099,
-9.34807625,
0.15044759,
0.61912851,
3.31620208,
5.30584276,
-297.31129105,
171.31820467,
-10.98862653,
-4.36926594,
0.28504095,
0.48061573,
6.62043454,
0.38774629,
-295.99899975,
169.58970337,
2.10593927,
-1.55812072,
1.26404783,
0.27136616,
6.5881481 ,
2.58261349,
-294.53809698,
166.34144916,
1.4192854 ,
-3.35730063,
0.06628424,
0.17367887,
5.79688935,
1.4181819 ,
-297.76778823,
162.32162196,
-3.52964049,
-4.06257303,
0.47773092,
0.06808153,
0.90602708,
0.44057033,
-305.33205987,
155.01388445,
-7.82458366,
-7.51711361,
0.4146005 ,
0.33347455,
3.6525086 ,
2.93965191,
-314.62947326,
152.18049058,
-9.39243949,
-2.53120303,
0.15134864,
0.48130114,
5.39695529,
2.28163405,
-318.88820629,
147.02215062,
-3.92750932,
-5.32784128,
0.52754198,
0.26996577,
0.0695978 ,
0.50797399,
-3.19386719e+02,
1.42678042e+02,
-2.77275665e-01,
-4.28063832e+00,
0.35236525,
0.10108885,
3.70356179,
0.60024598,
-323.55346135,
137.25940183,
-4.41768865,
-5.49206383,
0.39968336,
0.11694162,
0.69781617,
0.3912199 ,
-322.90006813,
131.24276466,
0.98057644,
-6.05048233,
0.52110664,
0.05390539,
4.59853489,
1.04282088,
-326.84298173,
127.76229787,
-4.26057428,
-3.3146509 ,
0.50594004,
0.26409595,
0.71780924,
1.88879867,
-330.26919387,
122.63720252,
-3.37237958,
-5.24190415,
0.08573943,
0.18604208,
0.08514101,
0.08166794,
-335.26765332,
116.6400877 ,
-5.10337317,
-6.04584057,
0.1670967 ,
0.07760579,
1.79816107,
0.96988774,
-342.59768283,
110.55785873,
-7.47369206,
-6.08457673,
2.28812203e-01,
3.73928779e-03,
4.15938745e+00,
2.13587158e-01,
-3.43130763e+02,
1.05196126e+02,
-8.52757638e-02,
-5.31509536e+00,
0.71322041,
0.07427976,
3.21290836,
0.37195174,
-346.39993707,
98.7572018 ,
-3.47459753,
-6.51143289,
0.32717884,
0.11548515,
0.50339982,
0.69742026,
-347.13170493,
94.85672257,
-0.5548021 ,
-3.73202204,
0.28185441,
0.26830277,
2.06416319,
2.12550379,
-347.70780263,
87.18200935,
-0.57747169,
-7.92909333,
0.00218835,
0.40515271,
2.10930999,
2.0498488 ,
-354.1935833 ,
81.15025358,
-6.86698128,
-5.90934067,
0.60714048,
0.19497126,
4.39153996,
0.10673964,
-347.15945227,
76.78152634,
7.93102261,
-4.26932777,
1.42848453,
0.15831413,
10.28181442,
1.90360445,
-356.44147094,
69.57923644,
-10.39259395,
-7.39152289,
1.76881983,
0.3013925 ,
8.2124402 ,
1.46259019,
-3.57248287e+02,
6.44736996e+01,
-1.88347353e-01,
-4.95804638e+00,
0.98503883,
0.23490895,
1.7559331 ,
1.11176292,
-3.56949282e+02,
5.77019848e+01,
3.30449237e-01,
-6.88873164e+00,
0.0500806 ,
0.18637338,
2.11909716,
0.93722109,
-365.93433273,
50.91581949,
-9.58608182,
-6.77954776,
0.957265  ,
0.01053976,
7.86933859,
0.21762598,
-369.88259467,
44.29876565,
-3.58451312,
-6.60656983,
0.5793449 ,
0.01669795,
2.05796426,
0.51272578,
-364.34424377,
39.23920484,
6.12695272,
-4.9597487 ,
0.93746959,
0.15897134,
7.42319693,
1.14689266,
-364.32266954,
33.38178413,
-0.37234119,
-5.91533798,
0.62739143,
0.09224518,
0.76329542,
0.7105448 ,
-371.36160947,
26.87685135,
-7.46906496,
-6.54297309,
0.68506267,
0.06058703,
6.5131337 ,
0.35103377,
-366.35604402,
19.77174728,
5.81042126,
-7.14137243,
1.28189861,
0.05776483,
6.52942707,
0.75868268,
-366.68341213,
13.29049027,
-0.72337466,
-6.43866675,
0.63072198,
0.06783376,
0.24044966,
0.22337044,
-364.59253419,
6.96564938,
2.27245186,
-6.31749692,
0.28919386,
0.0116968 ,
2.58550596,
0.18836476,
-369.64991173,
0.59502445,
-5.53029382,
-6.37405272,
0.75321655,
0.00545946,
5.40914582,
0.07995668,
-366.80228552,
-5.81115411,
3.38816468,
-6.4082513 ,
8.60918816e-01,
3.30126587e-03,
3.30800492e+00,
1.68373219e-01,
-367.6800401 ,
-12.65297342,
-1.15298918,
-6.86979286,
0.43836777,
0.04455364,
1.4299493 ,
0.07751877,
-363.20096009,
-19.09431957,
4.84245779,
-6.41370302,
0.57875395,
0.04402738,
4.38565869,
0.36001863,
-3.63193038e+02,
-2.52521741e+01,
-3.03999633e-01,
-6.14134733e+00,
0.49679909,
0.02629111,
0.94086499,
0.42473318,
-369.13209003,
-31.36700639,
-6.30262196,
-6.11312157,
5.79060477e-01,
2.72469662e-03,
7.15218604e+00,
3.75125549e-01,
-373.62102146,
-37.41744743,
-4.37191319,
-6.04639693,
0.18637565,
0.00644108,
5.40070967,
0.4829136 ,
-365.53918915,
-43.55359508,
8.88534064,
-6.14193831,
1.27975247,
0.00922282,
7.63651582,
0.38798411,
-3.65187654e+02,
-5.11787921e+01,
-1.99060552e-01,
-7.72089599e+00,
0.87693764,
0.15242033,
1.57146289,
1.14741478,
-362.55179255,
-57.43689916,
2.81876854,
-6.16372879,
2.91317816e-01,
1.50316844e-01,
1.22409714e+00,
8.14345318e-04,
-3.62499598e+02,
-6.25988645e+01,
-1.26303221e-01,
-5.09733219e+00,
0.28429439,
0.10294166,
1.88621818,
0.67201029,
-362.12259764,
-70.13309798,
0.40947326,
-7.69146087,
0.05171971,
0.25041706,
1.4795779 ,
1.53733726,
-355.07593767,
-75.12561024,
7.47488734,
-4.81837769,
0.68204028,
0.27734517,
5.23256515,
1.3111511 ,
-356.33045511,
-80.3308328 ,
-1.8177335 ,
-5.23018156,
0.89703755,
0.03975235,
4.07893527,
0.48363759,
-3.56662101e+02,
-8.59749834e+01,
-2.35763933e-01,
-5.67085966e+00,
0.15271107,
0.04253965,
2.79522636,
0.40301991,
-351.17288402,
-93.04266723,
5.85858892,
-7.15780608,
0.58830156,
0.14353827,
3.27564373,
1.53230582,
-349.54810868,
-98.94241508,
1.35161219,
-5.81857867,
0.43506858,
0.12927863,
1.44811092,
0.06722576,
-342.90908974,
-103.27537969,
6.9801593 ,
-4.23711367,
0.54333629,
0.15266237,
4.08980389,
1.07859835,
-340.33750956,
-110.30793204,
2.28714125,
-7.2129124 ,
0.45302757,
0.28726053,
0.77390903,
1.67653281,
-341.06553706,
-115.87982635,
-0.9225644 ,
-5.46601679,
0.30984009,
0.16863175,
4.14984536,
0.06405656,
-332.74850479,
-121.40912789,
8.9131656 ,
-5.53338463,
0.94946509,
0.00650317,
5.5805857 ,
0.12594094,
-327.80655922,
-125.9675542 ,
4.68572479,
-4.49552258,
0.40808435,
0.10018715,
1.26479775,
0.88986841,
-325.73738475,
-132.92784887,
1.90035619,
-7.11932031,
0.26887788,
0.25328108,
1.72233479,
1.74948283,
-328.55634842,
-136.16156545,
-3.1234514 ,
-2.98301971,
0.48495942,
0.39928638,
6.7596361 ,
1.99093511,
-319.84898389,
-139.62126278,
9.4706818 ,
-3.4904523 ,
1.21573995,
0.04898361,
5.71999156,
1.62295661,
-317.15971894,
-145.40232434,
2.25173193,
-5.92885032,
0.69686143,
0.23538403,
1.70600918,
0.69737427,
-312.07492422,
-150.98117528,
5.26758226,
-5.55626918,
0.2911268 ,
0.03596609,
1.1387411 ,
0.9357664 ,
-304.93902766,
-156.03530012,
7.2564391 ,
-5.02172679,
0.19198881,
0.05160058,
3.20143171,
0.44539101,
-301.00816494,
-158.57275532,
3.71629849,
-2.37717145,
0.34173772,
0.25528486,
0.46923562,
2.31440899,
-303.2260777 ,
-166.01569867,
-2.60078457,
-7.76978397,
0.60980221,
0.52056099,
6.79790315,
3.30994033,
-295.12025901,
-168.72906789,
8.79660242,
-2.38713232,
1.10021535,
0.51959944,
4.61600307,
2.1321248 ,
-287.71869521,
-171.32851934,
7.31155673,
-2.61315015,
0.14335479,
0.02181801,
3.22486886,
1.82894776,
-286.07398589,
-179.56607615,
1.27908766,
-8.60044022,
0.58232778,
0.57796655,
3.14590094,
4.45623269,
-279.46856538,
-182.11938737,
6.94907237,
-2.16315402,
0.54733635,
0.62140568,
2.60703587,
1.98284163,
-281.37189809,
-186.81320771,
-2.47448468,
-4.85709744,
0.90967711,
0.2600524 ,
7.38291955,
0.79945218,
-274.92984385,
-189.96710025,
7.01734409,
-3.04400276,
0.91626753,
0.1750221 ,
2.46558531,
0.75027834,
-266.66268368,
-193.77076402,
8.34779756,
-3.85267665,
0.12843166,
0.07806311,
3.762392  ,
0.20531874,
-2.66007479e+02,
-1.97581525e+02,
1.58883108e-01,
-3.80805628e+00,
7.90494292e-01,
4.30730513e-03,
4.50412278e+00,
1.11132884e-01,
-258.81350475,
-200.13644188,
7.6478742 ,
-2.47406539,
0.72292912,
0.12877313,
2.99386538,
1.08102317,
-254.67759275,
-204.09256243,
3.90932227,
-4.05174188,
0.36089081,
0.15229665,
1.05494866,
0.35006954,
-2.49302979e+02,
-2.04211871e+02,
5.46915396e+00,
1.34410035e-01,
0.15057405,
0.40409864,
0.73864462,
3.65618964,
-242.07202876,
-208.81251016,
7.34461982,
-4.90614207,
0.18104293,
0.48657581,
2.51869886,
1.68617194,
-237.47138135,
-214.59744998,
4.42360794,
-5.84163933,
0.28197183,
0.09030565,
0.47171429,
2.70909468,
-233.64487738,
-216.24020316,
3.78797917,
-1.37184352,
0.06135867,
0.43147942,
1.31345135,
1.60874752,
-226.76442697,
-213.95802098,
7.07997482,
2.51793776,
0.31778373,
0.37548932,
2.17184301,
5.50509645,
-220.99858021,
-221.27007612,
5.68105999,
-7.94628049,
0.13504039,
1.01013447,
0.65856262,
5.12454386,
-219.56159929,
-221.26444576,
1.16315544,
0.51868296,
0.43612347,
0.81714192,
4.13345021,
3.31213563,
-213.32380952,
-226.53327644,
6.56520219,
-5.64223765,
0.5214717 ,
0.59472749,
1.79980648,
2.82026396,
-207.25888032,
-233.16193074,
6.03265188,
-6.69229732,
0.05140828,
0.10136462,
1.04212525,
4.03377082,
-201.47394142,
-237.49187336,
5.76895661,
-4.17752488,
0.0254551 ,
0.24275663,
0.64285675,
1.81905857,
-2.01159735e+02,
-2.38631524e+02,
-3.77309915e-02,
-9.43648785e-01,
0.56053259,
0.31217332,
5.03079943,
1.44890962,
-197.07660903,
-240.64401391,
4.34900138,
-2.0814509 ,
0.42346112,
0.10983459,
0.61510722,
0.28070211,
-188.69202243,
-240.22845629,
8.64496018,
0.57666314,
0.41469855,
0.25659371,
3.64355466,
2.81180662,
-182.14525307,
-243.91234565,
6.41139531,
-3.9587777 ,
0.21561103,
0.43781628,
1.38327723,
1.72287895,
-179.08461599,
-240.31801017,
2.84444814,
4.0816579 ,
0.34432542,
0.77616129,
2.22536293,
6.15196273,
-171.65336542,
-244.5483183 ,
7.72718836,
-4.76659128,
0.47134187,
0.85414135,
2.51690204,
2.74585012,
-166.97322457,
-249.4302907 ,
4.48354713,
-4.88941672,
0.31311597,
0.01185662,
0.45938078,
2.78591906,
-165.36046076,
-253.10691716,
1.42754256,
-3.59837794,
0.29500298,
0.12462687,
3.57640707,
1.68756815,
-160.03233604,
-250.57316754,
5.57978798,
2.92939088,
0.40082557,
0.63014018,
0.48590236,
4.71166322,
-151.55191483,
-256.36409205,
8.66756836,
-6.35355413,
0.29807037,
0.89610352,
3.722433  ,
4.59837072,
-1.48069047e+02,
-2.56731041e+02,
3.14835351e+00,
1.93029828e-02,
0.5327822 ,
0.6151862 ,
2.04864581,
1.70185206,
-145.27269074,
-260.68421122,
2.7736461 ,
-4.20947154,
0.03617135,
0.4082131 ,
2.4391718 ,
2.59857427,
-139.74160288,
-259.94586945,
5.70899637,
1.05757177,
0.28335595,
0.50843951,
0.6278733 ,
2.6302632 ,
-136.99235595,
-258.85639975,
2.55828564,
1.09152774,
0.30414518,
0.00327785,
2.22863043,
2.61877906,
-128.14675205,
-262.29649033,
9.25125797,
-3.73246793,
0.64608764,
0.46567113,
4.27990999,
2.26061213,
-124.57479458,
-263.03934761,
3.20553234,
-0.54996936,
0.58360746,
0.30721373,
1.8525349 ,
0.82642488,
-120.03223437,
-268.25403254,
4.62882447,
-5.51564964,
0.13739358,
0.47934826,
0.3445011 ,
4.22634382,
-114.37688593,
-265.26218914,
5.72157916,
3.54074185,
0.10548606,
0.8742338 ,
0.99416994,
4.78767336,
-110.1149922 ,
-265.67659661,
4.16771569,
-0.66959138,
0.14999793,
0.40643292,
0.84677671,
0.48951283,
-104.08080164,
-267.41142557,
6.15461442,
-1.80355746,
0.19179979,
0.10946429,
1.25549032,
0.67673154,
-98.93277964,
-270.03023657,
5.08307725,
-2.67141068,
0.10343789,
0.08377582,
0.07166161,
1.60420705,
-93.61262212,
-269.41759302,
5.3354538 ,
0.8245288 ,
0.02436247,
0.33747088,
0.32848615,
1.86448022,
-9.08476414e+01,
-2.69562173e+02,
2.59913535e+00,
-2.07106652e-01,
0.26414296,
0.09958609,
2.14742889,
0.7792115 ,
-84.58092139,
-276.23147576,
6.50335038,
-7.0862395 ,
0.37688264,
0.66405813,
1.68112454,
6.1445483 ,
-79.01518028,
-273.07815305,
5.5052471 ,
3.81397323,
0.09634915,
1.052222  ,
0.62823849,
4.63608301,
-74.04097351,
-277.41082896,
4.93994436,
-4.85829291,
0.05456994,
0.83715331,
0.03653289,
4.06780406,
-69.95261817,
-272.57799652,
4.03341132,
5.45809814,
0.08750967,
0.99586438,
0.99784188,
6.17245988,
-64.8197508 ,
-274.17407445,
5.20380362,
-2.05120921,
0.1129806 ,
0.72489029,
0.32592961,
1.41403043,
-59.77038101,
-279.06610363,
5.03940581,
-5.07531721,
0.01586969,
0.29192393,
0.11655553,
4.44284376,
-54.58518411,
-281.96155981,
5.19460326,
-2.75481283,
0.01498156,
0.2240035 ,
0.23712495,
2.18645058,
-49.36707568,
-279.11758324,
5.21962497,
3.20520717,
2.41540261e-03,
5.75334108e-01,
4.48102501e-01,
3.70258619e+00,
-44.92656675,
-279.26413466,
4.39024082,
-0.36280492,
0.08006231,
0.34442821,
0.71580275,
0.11870561,
-39.84005802,
-277.87422482,
5.13143153,
1.50299396,
0.0715488 ,
0.18010975,
0.09763584,
1.93605217,
-35.36097129,
-276.75547742,
4.43699783,
1.09395604,
0.06703524,
0.03948535,
0.70218553,
1.44567827,
-30.37831897,
-280.24890098,
5.01785762,
-3.78939859,
0.0560717 ,
0.47140118,
0.10186445,
3.45774296,
-2.52641455e+01,
-2.80548280e+02,
5.12038776e+00,
-7.42054150e-02,
0.00989746,
0.35863594,
0.29668154,
0.20708089,
-20.39626389,
-284.10179204,
4.85159002,
-3.77799445,
0.02594765,
0.35753507,
0.02455947,
3.54911288,
-15.26246653,
-277.15593558,
5.15200521,
7.637753  ,
0.02899975,
1.10198772,
0.18753506,
7.82025258,
-10.58107634,
-278.17644678,
4.65102638,
-1.5791373 ,
0.04836061,
0.88972711,
0.1258742 ,
1.45091757,
-5.57218071,
-280.06406325,
5.03198515,
-1.90751937,
0.0367748 ,
0.03169946,
0.28520668,
1.8256673 ,
-0.65760123,
-276.1023888 ,
4.90700453,
4.34035138,
0.01206466,
0.60312099,
0.3312781 ,
4.37360305,
4.18160847,
-279.43402204,
4.83483562,
-3.82662517,
0.00696663,
0.78837658,
0.17601216,
3.84392146,
9.0365078 ,
-281.27965788,
4.85619383,
-1.71782357,
0.00206176,
0.20356735,
0.00735743,
1.78168846,
13.94747536,
-284.36674374,
4.91450153,
-3.17542986,
0.00562857,
0.14070601,
0.04728144,
3.29365581,
18.72811371,
-281.44904687,
4.77200158,
3.31082182,
0.01375584,
0.62613243,
0.20950381,
3.14173554,
2.39237323e+01,
-2.81110656e+02,
5.22295011e+00,
1.46611245e-01,
0.04353107,
0.30544835,
0.25226373,
0.07056385,
28.88557751,
-275.96360201,
4.94499887,
5.46967974,
0.02683126,
0.51384775,
0.08573945,
5.21328746,
33.64761652,
-276.36906275,
4.75023454,
-0.78452135,
0.01880104,
0.60373207,
0.05364734,
1.0902962 ,
38.42048499,
-278.0632095 ,
4.7743288 ,
-1.75283525,
0.00232587,
0.09347351,
0.06033362,
2.10455452,
43.38677976,
-272.28534698,
4.9786803 ,
6.2637387 ,
0.01972651,
0.77385788,
0.16393523,
5.85800668,
48.28430008,
-279.05145173,
4.89228393,
-7.60678258,
0.00834004,
1.33895255,
0.2238073 ,
8.08267865,
52.74831662,
-278.98719863,
4.43638498,
0.55918381,
0.04400895,
0.78827906,
0.44763249,
0.04455897,
57.25346639,
-283.36993485,
4.50958643,
-4.70158599,
0.0070663 ,
0.50783392,
0.21096021,
5.24770652,
62.48988971,
-275.33703213,
5.28331841,
8.85452443,
0.07469008,
1.30860176,
0.35671871,
8.26867196,
66.99921372,
-279.00101469,
4.45938635,
-4.47166926,
0.07953601,
1.28640739,
0.56467368,
5.12159598,
73.09234138,
-280.0257422 ,
6.19853569,
-0.80233286,
0.16788399,
0.35420928,
1.42670906,
1.55373317,
78.70490612,
-278.36880828,
5.57475823,
1.81560437,
0.06021464,
0.25271536,
0.53942804,
1.00555855,
84.183806  ,
-274.74739612,
5.47271516,
3.73792181,
0.00985045,
0.18556562,
0.487684  ,
2.97021719,
85.85246917,
-271.94062137,
1.42322797,
2.7466977 ,
0.39090609,
0.09568509,
3.58830729,
1.86155969,
93.39757594,
-268.74831387,
7.94008679,
3.22105798,
0.62908701,
0.04579106,
3.11465713,
2.2792362 ,
98.51451419,
-267.73069523,
4.93479037,
0.87545403,
0.29010801,
0.22642641,
0.14842382,
0.13829106,
101.24928806,
-266.09219982,
2.59283011,
1.6877264 ,
0.22607468,
0.07841047,
2.29442208,
0.66233923,
107.83725883,
-268.08330908,
6.84573489,
-2.22846557,
0.41054244,
0.3780388 ,
1.95489093,
3.26783769,
111.67716524,
-268.59232815,
3.64597213,
-0.39808139,
0.30888028,
0.17669109,
1.31190775,
1.55671895,
118.62740867,
-264.29337017,
7.16343307,
4.60200819,
0.3395484 ,
0.48266987,
2.01538476,
3.40256482,
122.73829151,
-260.66781235,
3.91393409,
3.56255782,
0.31368143,
0.10034048,
1.05419216,
2.27368242,
128.04636091,
-263.17322271,
5.39801819,
-2.89691209,
0.14326197,
0.62354713,
0.36007092,
4.29890048,
133.45531556,
-262.57973715,
5.40966026,
0.81868396,
0.00112384,
0.35867483,
0.3292523 ,
0.54569719,
138.07718692,
-259.35384741,
4.57104369,
3.38120124,
0.08095354,
0.24736554,
0.5050172 ,
1.90932883,
141.51212176,
-257.78840364,
3.36163376,
1.44829217,
0.11674705,
0.18658805,
1.85313668,
0.025023  ,
1.46369912e+02,
-2.57695911e+02,
4.95432101e+00,
5.01751961e-03,
0.15374567,
0.13932254,
0.12211928,
1.62367867,
152.93619048,
-249.58602144,
6.67028139,
8.63281086,
0.16564551,
0.83286026,
1.39911471,
6.87696564,
156.65893066,
-253.20150147,
3.53256656,
-4.40573255,
0.30289066,
1.25863986,
1.25348895,
6.18479591,
159.48722798,
-250.66372853,
2.78285828,
2.98576383,
0.07237102,
0.71351774,
2.27453333,
1.17625176,
166.06611822,
-252.72028578,
6.82380798,
-2.38188483,
0.39008194,
0.51815117,
2.09746222,
4.3370302 ,
171.70373255,
-247.34111528,
5.56108182,
5.87990921,
0.12189379,
0.79752952,
0.80150686,
3.92953819,
177.18192961,
-244.81224363,
5.47284938,
2.31266468,
0.00851727,
0.34435412,
0.31632671,
0.29505384,
181.34819762,
-244.27771029,
4.08196815,
0.41980935,
0.13426489,
0.18272157,
0.88004717,
1.73230802,
189.03673327,
-243.24266561,
7.92122926,
1.07473931,
0.37061249,
0.06322186,
2.80876476,
0.95790085,
195.12652671,
-241.65441054,
5.97163029,
1.62138681,
0.18819916,
0.05276911,
1.09543602,
0.67660387,
196.42198548,
-234.8793822 ,
0.99375493,
7.10753825,
0.48052548,
0.52959051,
3.80154898,
4.74397906,
197.00833523,
-231.00200006,
0.56006421,
3.66897437,
0.04186514,
0.33193229,
4.6539378 ,
1.25884273,
208.01727553,
-229.99650237,
11.68309563,
0.83365175,
1.07373119,
0.27370006,
6.55019032,
1.67319528,
2.08830680e+02,
-2.31138593e+02,
1.12098439e-01,
-1.26956419e+00,
1.11697433,
0.20302816,
4.83528725,
3.89347425,
215.51417169,
-226.64467405,
7.10747407,
4.86577532,
0.67527931,
0.59225809,
2.10825223,
2.24184902,
223.01745547,
-219.20729738,
7.52882119,
7.60329487,
0.04067358,
0.26425891,
2.56494495,
4.79053085,
228.71596056,
-219.66698643,
5.58041418,
-0.97990803,
0.1880841 ,
0.82855584,
0.69935644,
3.87193138,
233.64417112,
-215.99423843,
4.88613077,
3.97293464,
0.06702074,
0.47810902,
0.01213284,
1.04605747,
236.79352911,
-216.30411834,
3.03730244,
-0.58620459,
0.17847155,
0.44010394,
1.95554898,
3.78724182,
243.35686034,
-210.50103291,
6.79082853,
6.21531866,
0.3623363 ,
0.6565663 ,
2.02988674,
3.07550088,
246.67197412,
-207.36170099,
3.09086271,
2.94087107,
0.357166  ,
0.31608977,
1.71758941,
0.31675617,
251.00078992,
-204.92386307,
4.4086878 ,
2.40538252,
0.12721261,
0.05169191,
0.24965576,
1.04797473,
253.79432204,
-201.82381909,
2.68932323,
3.14486313,
0.16597412,
0.07138372,
2.2264963 ,
0.24987666,
258.5254319 ,
-201.09789723,
4.86284473,
0.56985319,
0.20981491,
0.24857149,
0.02858117,
2.86858028,
266.08780601,
-196.15877371,
7.73654616,
5.22102627,
0.27740485,
0.44898818,
2.79617976,
1.40072715,
2.66357101e+02,
-1.90540805e+02,
-2.12487743e-01,
5.64357907e+00,
0.76733808,
0.04078997,
4.80847662,
1.76375237,
275.44968485,
-186.79478168,
9.69294167,
3.62359428,
0.95619333,
0.19499367,
4.99673603,
0.14364741,
274.97602909,
-183.03458553,
-1.12959864,
3.76900962,
1.04472411,
0.01403727,
5.69015853,
0.18961789,
282.20239638,
-180.35811798,
7.76548929,
2.60597739,
0.8586628 ,
0.11227011,
3.14298268,
1.41205911,
288.83425101,
-174.33014681,
6.5587132 ,
6.24875619,
0.1164928 ,
0.35164561,
2.10584942,
2.16126763,
295.14027528,
-168.83534923,
6.28972092,
5.44615261,
0.02596643,
0.07747712,
1.69395325,
1.21768469,
298.52550318,
-167.19795119,
3.19783173,
1.39165943,
0.298467  ,
0.39138933,
1.07476909,
2.76934307,
299.0680348 ,
-160.51195978,
0.37121322,
7.02757859,
0.27285983,
0.54404793,
3.75874739,
2.67324504,
307.20336333,
-153.96053887,
8.63626467,
6.5206995 ,
0.79784397,
0.04893018,
4.49146819,
1.89407227,
308.3882573 ,
-150.41951646,
0.70413592,
3.3487754 ,
0.76570619,
0.30619295,
3.40969027,
1.20420503,
315.44956009,
-148.47329201,
7.47146345,
1.85573269,
0.65326532,
0.14412676,
3.57911049,
2.92465524,
322.5490875 ,
-141.81252096,
7.07553032,
6.9707893 ,
0.03822031,
0.4937679 ,
3.27832545,
2.14286139,
321.78178962,
-138.32204931,
-1.27331254,
3.2659236 ,
0.80593254,
0.357639  ,
5.06235451,
1.86618373,
322.98842163,
-132.33814649,
1.36663657,
6.15926525,
0.25484021,
0.27930076,
2.26341476,
0.97028035,
331.67927549,
-128.72673829,
9.16340805,
3.44702196,
0.75263985,
0.26181893,
5.51157654,
1.62013933,
331.67817943,
-123.45217139,
-0.59238447,
5.39247903,
0.94174855,
0.18779934,
3.94858062,
0.0718533 ,
341.48790045,
-116.32713079,
10.48085873,
7.23682445,
1.06892502,
0.1780388 ,
7.18675752,
1.64011096,
340.49261162,
-109.91183881,
-1.73572311,
6.36228718,
1.17929406,
0.08442105,
4.91670402,
0.86378926,
343.77595789,
-104.11228226,
3.60717368,
5.7632495 ,
0.51576182,
0.05782645,
0.53612248,
0.41192497,
349.21507097,
-101.49975767,
5.55730873,
2.40924167,
0.18825091,
0.3237699 ,
2.60412223,
3.20744521,
348.97997899,
-95.32845775,
-0.60881426,
6.41402571,
0.59522969,
0.38659079,
3.4778225 ,
0.81912259,
347.33465532,
-90.12650429,
-1.71219865,
5.12375127,
0.10651217,
0.12455309,
4.37436952,
0.91415835,
352.05653227,
-83.39410019,
5.13699972,
6.83619344,
0.66116849,
0.16530589,
2.61564061,
0.80361821,
360.37821002,
-77.27493529,
8.5271513 ,
6.07290264,
0.32725894,
0.07368217,
6.18122054,
0.1475717 ,
358.54061829,
-70.50314115,
-2.50631884,
6.8168862 ,
1.06508564,
0.0718184 ,
4.68958798,
1.16857425,
362.21425669,
-64.24822467,
4.0723656 ,
6.21865852,
0.63505517,
0.05774826,
2.08090272,
0.0799355 ,
3.62429858e+02,
-5.81903776e+01,
-3.32346525e-02,
6.04747157e+00,
0.39632281,
0.01652506,
1.78842634,
0.05491716,
366.96915267,
-51.85757973,
4.83431138,
6.351207  ,
0.46987514,
0.02932026,
3.16765761,
0.11763142,
363.16702023,
-45.3498961 ,
-4.3593507 ,
6.51777941,
0.88748483,
0.01607961,
5.84384196,
0.28636061,
366.43542579,
-39.51468142,
3.76054389,
5.79117601,
0.78383165,
0.07014066,
2.51416432,
0.57915632,
361.17050949,
-33.57536901,
-5.84723367,
5.94887008,
0.92746033,
0.01522256,
6.93164864,
0.47511853,
366.13813585,
-26.38915509,
5.66539476,
7.26604662,
1.11133986,
0.12715001,
4.76240872,
0.93868225,
368.68003695,
-20.44337032,
2.34037513,
5.86060226,
0.32097161,
0.1356707 ,
1.60790212,
0.5418582 ,
363.18158214,
-14.302132  ,
-6.00421151,
6.15934479,
0.80552168,
0.02883829,
6.53491346,
0.38553924,
371.11452075,
-7.61812667,
8.83215533,
6.71785612,
1.43218779,
0.05391435,
8.5065511 ,
0.7139036 ,